datetime,max_wind_speed,min_wind_speed,avg_wind_speed,rain,wind_direction,max_temperature,min_temperature,avg_temperature,max_humidity,min_humidity,avg_humidity
2022-03-08 12:20:00,0.0,0.0,0.0,0.0,7.0,25.0,25.0,25.0,80.0,80.0,80.0
2022-03-08 12:25:00,0.0,0.0,0.0,0.0,1.0,25.0,25.0,25.0,80.0,80.0,80.0
2022-03-08 12:30:00,0.0,0.0,0.0,0.0,1.0,25.0,25.0,25.0,80.0,80.0,80.0
2022-03-08 12:35:00,0.0,0.0,0.0,0.0,0.0,25.0,25.0,25.0,80.0,80.0,80.0
2022-03-08 12:40:00,0.0,0.0,0.0,0.0,1.0,25.0,25.0,25.0,80.0,80.0,80.0
2022-03-08 12:45:00,0.0,0.0,0.0,0.0,0.0,25.0,25.0,25.0,80.0,80.0,80.0
2022-03-08 12:50:00,0.0,0.0,0.0,0.0,7.0,25.0,25.0,25.0,80.0,80.0,80.0
2022-03-08 12:55:00,0.0,0.0,0.0,0.0,1.0,25.0,25.0,25.0,80.0,80.0,80.0
2022-03-08 13:00:00,0.0,0.0,0.0,0.0,1.0,25.0,25.0,25.0,80.0,80.0,80.0
2022-03-08 13:05:00,0.0,0.0,0.0,0.0,1.0,25.0,25.0,25.0,80.0,80.0,80.0
2022-03-08 13:10:00,0.0,0.0,0.0,0.0,0.0,25.0,25.0,25.0,80.0,80.0,80.0
2022-03-08 13:15:00,0.0,0.0,0.0,0.0,0.0,25.0,25.0,25.0,80.0,80.0,80.0
2022-03-08 13:20:00,0.0,0.0,0.0,0.0,2.0,25.0,25.0,25.0,80.0,80.0,80.0
2022-03-08 13:25:00,,,,,,,,,,,
2022-03-08 13:30:00,,,,,,,,,,,
2022-03-08 13:35:00,,,,,,,,,,,
2022-03-08 13:40:00,,,,,,,,,,,
2022-03-08 13:45:00,,,,,,,,,,,
2022-03-08 13:50:00,,,,,,,,,,,
2022-03-08 13:55:00,,,,,,,,,,,
2022-03-08 14:00:00,,,,,,,,,,,
2022-03-08 14:05:00,,,,,,,,,,,
2022-03-08 14:10:00,,,,,,,,,,,
2022-03-08 14:15:00,,,,,,,,,,,
2022-03-08 14:20:00,,,,,,,,,,,
2022-03-08 14:25:00,,,,,,,,,,,
2022-03-08 14:30:00,,,,,,,,,,,
2022-03-08 14:35:00,,,,,,,,,,,
2022-03-08 14:40:00,,,,,,,,,,,
2022-03-08 14:45:00,,,,,,,,,,,
2022-03-08 14:50:00,,,,,,,,,,,
2022-03-08 14:55:00,,,,,,,,,,,
2022-03-08 15:00:00,,,,,,,,,,,
2022-03-08 15:05:00,,,,,,,,,,,
2022-03-08 15:10:00,,,,,,,,,,,
2022-03-08 15:15:00,,,,,,,,,,,
2022-03-08 15:20:00,,,,,,,,,,,
2022-03-08 15:25:00,,,,,,,,,,,
2022-03-08 15:30:00,,,,,,,,,,,
2022-03-08 15:35:00,,,,,,,,,,,
2022-03-08 15:40:00,0.0,0.0,0.0,0.0,7.0,25.0,25.0,25.0,80.0,80.0,80.0
2022-03-08 15:45:00,0.0,0.0,0.0,0.0,7.0,25.0,25.0,25.0,80.0,80.0,80.0
2022-03-08 15:50:00,0.0,0.0,0.0,0.0,7.0,25.0,25.0,25.0,80.0,80.0,80.0
2022-03-08 15:55:00,0.0,0.0,0.0,0.0,7.0,25.0,25.0,25.0,80.0,80.0,80.0
2022-03-08 16:00:00,0.0,0.0,0.0,0.0,7.0,25.0,25.0,25.0,80.0,80.0,80.0
2022-03-08 16:05:00,0.0,0.0,0.0,0.0,7.0,25.0,25.0,25.0,80.0,80.0,80.0
2022-03-08 16:10:00,,,,,,,,,,,
2022-03-08 16:15:00,,,,,,,,,,,
2022-03-08 16:20:00,,,,,,,,,,,
2022-03-08 16:25:00,0.0,0.0,0.0,0.0,7.0,25.0,25.0,25.0,80.0,80.0,80.0
2022-03-08 16:30:00,0.0,0.0,0.0,0.0,7.0,25.0,25.0,25.0,80.0,80.0,80.0
2022-03-08 16:35:00,0.0,0.0,0.0,0.0,7.0,25.0,25.0,25.0,80.0,80.0,80.0
2022-03-08 16:40:00,0.0,0.0,0.0,0.0,7.0,25.0,25.0,25.0,80.0,80.0,80.0
2022-03-08 16:45:00,0.0,0.0,0.0,0.0,7.0,25.0,25.0,25.0,80.0,80.0,80.0
2022-03-08 16:50:00,0.0,0.0,0.0,0.0,7.0,25.0,25.0,25.0,80.0,80.0,80.0
2022-03-08 16:55:00,0.0,0.0,0.0,0.0,7.0,25.0,25.0,25.0,80.0,80.0,80.0
2022-03-08 17:00:00,0.0,0.0,0.0,0.0,7.0,25.0,25.0,25.0,80.0,80.0,80.0
2022-03-08 17:05:00,0.0,0.0,0.0,0.0,7.0,25.0,25.0,25.0,80.0,80.0,80.0
2022-03-08 17:10:00,0.0,0.0,0.0,0.0,7.0,25.0,25.0,25.0,80.0,80.0,80.0
