datetime,max_wind_speed,min_wind_speed,avg_wind_speed,rain,wind_direction,max_temperature,min_temperature,avg_temperature,max_humidity,min_humidity,avg_humidity
2022-08-22 20:12:00,0.0,0.0,0.0,0.0,0.0,23.6,23.6,23.6,53.0,53.0,53.0
2022-08-22 20:13:00,0.0,0.0,0.0,0.0,0.0,23.6,23.6,23.60000000000001,53.0,53.0,53.0
2022-08-22 20:14:00,0.0,0.0,0.0,0.0,0.0,23.6,23.6,23.60000000000001,53.0,53.0,53.0
2022-08-22 20:15:00,0.0,0.0,0.0,0.0,0.0,23.6,23.6,23.60000000000001,53.0,53.0,53.0
2022-08-22 20:16:00,0.0,0.0,0.0,0.0,2.0,23.6,23.6,23.600000000000005,53.0,53.0,53.0
2022-08-22 20:17:00,,,,,,,,,,,
2022-08-22 20:18:00,,,,,,,,,,,
2022-08-22 20:19:00,,,,,,,,,,,
2022-08-22 20:20:00,,,,,,,,,,,
2022-08-22 20:21:00,,,,,,,,,,,
2022-08-22 20:22:00,,,,,,,,,,,
2022-08-22 20:23:00,0.0,0.0,0.0,0.0,0.0,23.6,23.6,23.60000000000001,53.0,53.0,53.0
2022-08-22 20:24:00,0.0,0.0,0.0,0.0,0.0,23.6,23.5,23.596774193548395,54.0,53.0,53.03225806451613
2022-08-22 20:25:00,0.0,0.0,0.0,0.0,0.0,23.6,23.6,23.60000000000001,53.0,53.0,53.0
2022-08-22 20:26:00,0.0,0.0,0.0,0.0,0.0,23.6,23.6,23.60000000000001,53.0,53.0,53.0
2022-08-22 20:27:00,0.0,0.0,0.0,0.0,0.0,23.6,23.6,23.60000000000001,53.0,53.0,53.0
2022-08-22 20:28:00,0.0,0.0,0.0,0.0,0.0,34.2,23.6,28.9125,95.0,53.0,76.53125
2022-08-22 20:29:00,0.77,0.0,0.1441379310344827,0.0,6.0,33.3,28.8,31.33793103448276,95.0,95.0,95.0
2022-08-22 20:30:00,0.11,0.0,0.0106451612903225,0.0,6.0,28.6,25.5,26.906451612903226,95.0,82.0,93.51612903225806
2022-08-22 20:31:00,0.0,0.0,0.0,0.0,6.0,25.4,24.1,24.617241379310347,95.0,77.0,89.3103448275862
2022-08-22 20:32:00,0.0,0.0,0.0,0.0,6.0,24.0,23.4,23.664516129032254,77.0,66.0,70.2258064516129
2022-08-22 20:33:00,0.0,0.0,0.0,0.0,6.0,23.4,23.0,23.196551724137933,66.0,64.0,64.82758620689656
2022-08-22 20:34:00,0.0,0.0,0.0,0.0,6.0,29.2,22.9,25.187096774193545,95.0,63.0,83.41935483870968
2022-08-22 20:35:00,0.0,0.0,0.0,0.0,6.0,31.5,29.3,30.469230769230766,95.0,78.0,90.23076923076923
2022-08-22 20:36:00,0.0,0.0,0.0,0.0,6.0,32.0,30.1,31.35483870967742,88.0,35.0,48.225806451612904
2022-08-22 20:37:00,0.0,0.0,0.0,0.0,6.0,29.9,27.5,28.61666666666667,41.0,36.0,38.86666666666667
2022-08-22 20:38:00,0.0,0.0,0.0,0.0,6.0,27.4,25.6,26.516129032258064,46.0,41.0,43.935483870967744
2022-08-22 20:39:00,0.22,0.0,0.04172413793103448,0.0,6.0,25.7,24.6,25.08275862068966,50.0,46.0,47.793103448275865
2022-08-22 20:40:00,0.66,0.0,0.23419354838709683,0.0,6.0,24.6,24.1,24.316129032258072,52.0,50.0,50.903225806451616
2022-08-22 20:41:00,0.99,0.0,0.39448275862068966,0.0,2.0,24.1,23.7,23.800000000000008,54.0,52.0,53.37931034482759
2022-08-22 20:42:00,0.77,0.22,0.46838709677419355,0.0,0.0,23.7,23.5,23.603225806451622,55.0,54.0,54.645161290322584
2022-08-22 20:43:00,0.77,0.11,0.39448275862068966,0.0,0.0,23.6,23.5,23.517241379310345,55.0,55.0,55.0
2022-08-22 20:44:00,1.65,0.55,1.3661290322580644,0.0,4.0,23.5,23.2,23.345161290322583,56.0,55.0,55.41935483870968
2022-08-22 20:45:00,1.76,1.54,1.5817241379310345,0.0,4.0,23.3,23.2,23.206896551724146,56.0,56.0,56.0
2022-08-22 20:46:00,1.65,1.1,1.437096774193548,0.0,4.0,23.2,23.0,23.112903225806452,57.0,56.0,56.096774193548384
2022-08-22 20:47:00,1.65,1.32,1.4755172413793103,0.0,4.0,22.9,22.5,22.686206896551724,59.0,57.0,57.48275862068966
2022-08-22 20:48:00,1.65,1.32,1.4725806451612902,0.0,4.0,22.5,22.2,22.300000000000004,60.0,58.0,59.516129032258064
2022-08-22 20:49:00,1.76,1.43,1.5513793103448277,0.0,4.0,22.3,22.2,22.289655172413795,60.0,60.0,60.0
2022-08-22 20:50:00,1.65,1.32,1.4974193548387096,0.0,4.0,22.2,22.0,22.109677419354842,61.0,60.0,60.16129032258065
2022-08-22 20:51:00,1.65,1.43,1.5134482758620686,0.0,4.0,22.0,21.9,21.98620689655172,61.0,60.0,60.86206896551724
2022-08-22 20:52:00,1.65,1.43,1.5222580645161288,0.0,4.0,21.9,21.9,21.89999999999999,61.0,60.0,60.12903225806452
2022-08-22 20:53:00,1.65,1.32,1.5324137931034483,0.0,4.0,21.9,21.8,21.81724137931034,61.0,60.0,60.37931034482759
2022-08-22 20:54:00,1.65,1.43,1.508064516129032,0.0,4.0,21.8,21.8,21.79999999999999,61.0,60.0,60.483870967741936
2022-08-22 20:55:00,1.65,1.32,1.5134482758620686,0.0,4.0,21.8,21.7,21.793103448275858,61.0,60.0,60.48275862068966
2022-08-22 20:56:00,1.76,1.21,1.4761290322580645,0.0,4.0,21.8,21.7,21.796774193548377,61.0,60.0,60.38709677419355
2022-08-22 20:57:00,1.76,1.32,1.509655172413793,0.0,4.0,21.8,21.8,21.799999999999994,60.0,60.0,60.0
2022-08-22 20:58:00,1.65,1.32,1.543548387096774,0.0,4.0,21.8,21.8,21.79999999999999,60.0,60.0,60.0
2022-08-22 20:59:00,1.76,1.43,1.5437931034482757,0.0,4.0,21.8,21.7,21.79310344827586,61.0,60.0,60.06896551724138
2022-08-22 21:00:00,1.65,1.21,1.5009677419354837,0.0,4.0,21.8,21.7,21.706451612903237,61.0,60.0,60.87096774193548
2022-08-22 21:01:00,1.76,1.1,1.4944827586206897,0.0,4.0,21.7,21.6,21.689655172413797,61.0,61.0,61.0
2022-08-22 21:02:00,1.32,0.99,1.2135483870967743,0.0,4.0,21.8,21.7,21.758064516129025,61.0,61.0,61.0
2022-08-22 21:03:00,1.43,1.1,1.266896551724138,0.0,4.0,21.8,21.7,21.737931034482767,61.0,61.0,61.0
2022-08-22 21:04:00,1.43,1.1,1.206451612903226,0.0,4.0,21.7,21.6,21.696774193548396,61.0,61.0,61.0
2022-08-22 21:05:00,1.32,1.1,1.2327586206896555,0.0,4.0,21.7,21.6,21.624137931034486,62.0,61.0,61.37931034482759
2022-08-22 21:06:00,1.32,0.99,1.2135483870967745,0.0,4.0,21.6,21.5,21.59354838709678,62.0,61.0,61.96774193548387
2022-08-22 21:07:00,1.43,1.1,1.2175862068965517,0.0,4.0,21.6,21.5,21.59655172413794,62.0,61.0,61.86206896551724
2022-08-22 21:08:00,1.43,1.1,1.263225806451613,0.0,4.0,22.0,21.6,21.80645161290322,61.0,60.0,60.806451612903224
2022-08-22 21:09:00,1.43,0.0,1.2175862068965517,0.0,4.0,22.1,22.0,22.05862068965518,61.0,61.0,61.0
2022-08-22 21:10:00,1.43,0.88,1.16741935483871,0.0,4.0,22.3,22.1,22.16451612903227,61.0,60.0,60.16129032258065
2022-08-22 21:11:00,1.1,0.66,0.9103448275862067,0.0,4.0,22.4,22.2,22.286206896551718,60.0,60.0,60.0
2022-08-22 21:12:00,1.1,0.55,0.8658064516129033,0.0,4.0,22.4,22.4,22.39999999999999,60.0,60.0,60.0
2022-08-22 21:13:00,1.1,0.22,0.5879310344827586,0.0,4.0,22.4,22.4,22.39999999999999,60.0,60.0,60.0
2022-08-22 21:14:00,0.55,0.0,0.33,0.0,4.0,22.4,22.4,22.39999999999999,60.0,60.0,60.0
2022-08-22 21:15:00,0.66,0.11,0.3793103448275862,0.0,4.0,22.4,22.4,22.39999999999999,60.0,60.0,60.0
2022-08-22 21:16:00,0.66,0.0,0.365483870967742,0.0,4.0,22.4,22.3,22.33548387096773,60.0,60.0,60.0
2022-08-22 21:17:00,0.88,0.0,0.42428571428571427,0.0,4.0,22.4,22.3,22.364285714285707,60.0,60.0,60.0
2022-08-22 21:18:00,0.55,0.11,0.323125,0.0,4.0,22.4,22.4,22.4,60.0,60.0,60.0
2022-08-22 21:19:00,0.66,0.11,0.35655172413793096,0.0,4.0,22.4,22.4,22.39999999999999,60.0,60.0,60.0
2022-08-22 21:20:00,0.88,0.0,0.532258064516129,0.0,4.0,22.4,22.4,22.39999999999999,60.0,60.0,60.0
2022-08-22 21:21:00,0.77,0.11,0.45517241379310347,0.0,4.0,22.4,22.4,22.39999999999999,60.0,60.0,60.0
2022-08-22 21:22:00,0.77,0.11,0.3406451612903226,0.0,4.0,22.4,22.3,22.370967741935473,61.0,60.0,60.064516129032256
2022-08-22 21:23:00,0.77,0.22,0.44758620689655176,0.0,4.0,22.4,22.3,22.348275862068956,61.0,60.0,60.06896551724138
2022-08-22 21:24:00,0.99,0.22,0.4861290322580645,0.0,4.0,22.3,22.2,22.2225806451613,61.0,60.0,60.67741935483871
2022-08-22 21:25:00,0.66,0.22,0.360344827586207,0.0,4.0,22.2,22.2,22.200000000000006,61.0,61.0,61.0
2022-08-22 21:26:00,0.77,0.22,0.5074193548387097,0.0,4.0,22.2,22.1,22.196774193548396,61.0,61.0,61.0
2022-08-22 21:27:00,0.99,0.0,0.16500000000000004,0.0,4.0,22.3,22.2,22.274999999999995,61.0,61.0,61.0
2022-08-22 21:28:00,0.77,0.0,0.35406250000000006,0.0,4.0,22.3,22.2,22.278125000000003,61.0,61.0,61.0
2022-08-22 21:29:00,0.88,0.11,0.5348275862068966,0.0,4.0,22.3,22.2,22.217241379310334,61.0,61.0,61.0
2022-08-22 21:30:00,0.77,0.11,0.451,0.0,4.0,22.4,22.2,22.31333333333333,61.0,61.0,61.0
2022-08-22 21:31:00,0.77,0.0,0.34099999999999997,0.0,4.0,22.4,22.3,22.356666666666662,61.0,61.0,61.0
2022-08-22 21:32:00,1.21,0.11,0.8799999999999999,0.0,4.0,22.4,22.2,22.358064516129026,61.0,61.0,61.0
2022-08-22 21:33:00,1.1,0.66,0.8724137931034481,0.0,4.0,22.4,22.3,22.393103448275852,61.0,60.0,60.96551724137931
2022-08-22 21:34:00,1.1,0.66,0.8764516129032256,0.0,4.0,22.4,22.4,22.39999999999999,61.0,60.0,60.83870967741935
2022-08-22 21:35:00,0.99,0.66,0.8382758620689653,0.0,4.0,22.5,22.4,22.44482758620689,61.0,60.0,60.172413793103445
2022-08-22 21:36:00,1.21,0.66,0.9225806451612901,0.0,4.0,22.4,22.4,22.39999999999999,61.0,60.0,60.16129032258065
2022-08-22 21:37:00,1.21,0.77,1.016551724137931,0.0,4.0,22.4,22.4,22.39999999999999,61.0,60.0,60.275862068965516
2022-08-22 21:38:00,1.21,0.44,0.9722580645161291,0.0,4.0,22.4,22.4,22.39999999999999,61.0,60.0,60.516129032258064
2022-08-22 21:39:00,0.88,0.22,0.6296551724137932,0.0,4.0,22.5,22.4,22.40344827586206,61.0,60.0,60.41379310344828
2022-08-22 21:40:00,0.88,0.22,0.46483870967741936,0.0,4.0,22.4,22.2,22.36451612903225,61.0,60.0,60.774193548387096
2022-08-22 21:41:00,1.1,0.22,0.6448275862068965,0.0,4.0,22.4,22.3,22.3551724137931,61.0,61.0,61.0
2022-08-22 21:42:00,0.99,0.44,0.7309677419354839,0.0,4.0,22.4,22.3,22.393548387096764,61.0,60.0,60.935483870967744
2022-08-22 21:43:00,0.99,0.22,0.6789655172413791,0.0,4.0,22.4,22.3,22.32413793103448,61.0,61.0,61.0
2022-08-22 21:44:00,0.99,0.22,0.5925806451612903,0.0,4.0,22.4,22.3,22.3774193548387,61.0,61.0,61.0
2022-08-22 21:45:00,0.88,0.33,0.6637931034482757,0.0,4.0,22.4,22.4,22.39999999999999,61.0,61.0,61.0
2022-08-22 21:46:00,1.21,0.55,0.8906451612903225,0.0,4.0,22.4,22.2,22.345161290322572,61.0,61.0,61.0
2022-08-22 21:47:00,1.43,0.88,1.0962068965517244,0.0,4.0,22.4,22.3,22.31379310344827,61.0,61.0,61.0
2022-08-22 21:48:00,1.32,0.99,1.1248387096774195,0.0,4.0,22.4,22.2,22.309677419354827,61.0,61.0,61.0
2022-08-22 21:49:00,1.21,0.88,1.0999999999999999,0.0,4.0,22.4,22.3,22.327586206896548,61.0,61.0,61.0
2022-08-22 21:50:00,1.32,0.99,1.1354838709677422,0.0,4.0,22.4,22.3,22.370967741935477,61.0,61.0,61.0
2022-08-22 21:51:00,1.21,0.88,1.0886206896551724,0.0,4.0,22.4,22.4,22.39999999999999,61.0,61.0,61.0
2022-08-22 21:52:00,1.21,0.77,0.9616129032258065,0.0,4.0,22.4,22.3,22.396774193548378,61.0,61.0,61.0
2022-08-22 21:53:00,1.32,0.88,1.1189655172413795,0.0,4.0,22.5,22.4,22.451724137931034,61.0,60.0,60.86206896551724
2022-08-22 21:54:00,1.32,0.88,1.1425806451612905,0.0,4.0,22.5,22.4,22.403225806451605,61.0,60.0,60.67741935483871
2022-08-22 21:55:00,1.1,0.77,0.9710344827586205,0.0,4.0,22.4,22.4,22.39999999999999,61.0,61.0,61.0
2022-08-22 21:56:00,1.21,0.88,1.1035483870967744,0.0,4.0,22.4,22.3,22.396774193548378,61.0,61.0,61.0
2022-08-22 21:57:00,1.32,0.88,1.1075862068965516,0.0,4.0,22.4,22.2,22.299999999999994,61.0,61.0,61.0
2022-08-22 21:58:00,1.32,0.88,1.1212903225806454,0.0,4.0,22.4,22.2,22.2774193548387,61.0,61.0,61.0
2022-08-22 21:59:00,1.21,0.88,0.9975862068965518,0.0,4.0,22.4,22.2,22.26551724137931,61.0,61.0,61.0
2022-08-22 22:00:00,1.32,0.77,1.0645161290322582,0.0,4.0,22.3,22.2,22.20322580645162,61.0,61.0,61.0
2022-08-22 22:01:00,1.32,0.99,1.1151724137931036,0.0,4.0,22.2,22.2,22.200000000000006,61.0,61.0,61.0
2022-08-22 22:02:00,1.43,0.77,1.0396774193548386,0.0,4.0,22.2,22.2,22.20000000000001,62.0,61.0,61.12903225806452
2022-08-22 22:03:00,1.32,0.88,1.137931034482759,0.0,4.0,22.3,22.2,22.241379310344822,61.0,61.0,61.0
2022-08-22 22:04:00,1.32,0.88,1.0574193548387096,0.0,4.0,22.4,22.3,22.33870967741935,61.0,61.0,61.0
2022-08-22 22:05:00,1.21,0.88,1.0620689655172413,0.0,4.0,22.5,22.4,22.40344827586206,61.0,60.0,60.89655172413793
2022-08-22 22:06:00,1.1,0.77,0.9438709677419356,0.0,4.0,22.4,22.4,22.39999999999999,61.0,60.0,60.87096774193548
2022-08-22 22:07:00,1.21,0.77,0.9899999999999999,0.0,4.0,22.4,22.2,22.32068965517241,61.0,61.0,61.0
2022-08-22 22:08:00,1.21,0.77,1.0219354838709678,0.0,4.0,22.3,22.2,22.20967741935485,61.0,61.0,61.0
2022-08-22 22:09:00,1.32,0.99,1.1758620689655173,0.0,4.0,22.2,22.2,22.200000000000006,61.0,61.0,61.0
2022-08-22 22:10:00,1.32,0.88,1.0467741935483872,0.0,4.0,22.3,22.2,22.203225806451623,61.0,61.0,61.0
2022-08-22 22:11:00,1.32,0.77,1.020344827586207,0.0,4.0,22.2,22.2,22.200000000000006,61.0,61.0,61.0
2022-08-22 22:12:00,1.43,0.88,1.1035483870967744,0.0,4.0,22.2,22.2,22.20000000000001,61.0,61.0,61.0
2022-08-22 22:13:00,1.32,0.77,1.0506896551724139,0.0,4.0,22.2,22.2,22.200000000000006,61.0,61.0,61.0
2022-08-22 22:14:00,1.1,0.77,0.940322580645161,0.0,4.0,22.2,22.2,22.20000000000001,61.0,61.0,61.0
2022-08-22 22:15:00,1.32,0.88,1.1455172413793102,0.0,4.0,22.2,22.1,22.193103448275867,61.0,61.0,61.0
2022-08-22 22:16:00,1.21,0.77,1.050322580645161,0.0,4.0,22.2,22.1,22.193548387096783,61.0,61.0,61.0
2022-08-22 22:17:00,1.1,0.77,0.9672413793103447,0.0,4.0,22.2,22.1,22.193103448275867,61.0,61.0,61.0
2022-08-22 22:18:00,1.32,0.88,1.078709677419355,0.0,4.0,22.2,22.1,22.196774193548396,61.0,61.0,61.0
2022-08-22 22:19:00,1.21,0.88,1.108148148148148,0.0,4.0,22.2,22.1,22.122222222222224,61.0,61.0,61.0
2022-08-22 22:20:00,1.32,0.88,1.120625,0.0,4.0,22.2,22.1,22.131250000000005,61.0,61.0,61.0
2022-08-22 22:21:00,1.43,0.22,0.6941379310344828,0.0,4.0,22.2,22.1,22.196551724137937,61.0,61.0,61.0
2022-08-22 22:22:00,0.66,0.33,0.48400000000000004,0.0,4.0,22.3,22.2,22.24666666666667,61.0,61.0,61.0
2022-08-22 22:23:00,1.32,0.77,1.078,0.0,4.0,22.2,22.0,22.12333333333334,62.0,61.0,61.43333333333333
2022-08-22 22:24:00,1.21,0.99,1.1248387096774197,0.0,4.0,22.1,21.9,21.94838709677419,62.0,61.0,61.45161290322581
2022-08-22 22:25:00,1.21,0.99,1.111379310344828,0.0,4.0,21.8,21.8,21.799999999999994,62.0,61.0,61.724137931034484
2022-08-22 22:26:00,1.32,0.99,1.1354838709677422,0.0,4.0,21.8,21.6,21.687096774193556,62.0,62.0,62.0
2022-08-22 22:27:00,1.21,0.88,1.1275000000000002,0.0,4.0,21.6,21.6,21.600000000000005,62.0,62.0,62.0
2022-08-22 22:28:00,1.32,0.99,1.1354838709677422,0.0,4.0,21.6,21.5,21.5741935483871,63.0,62.0,62.225806451612904
2022-08-22 22:29:00,1.32,0.88,1.0926666666666667,0.0,4.0,21.5,21.4,21.496666666666666,63.0,63.0,63.0
2022-08-22 22:30:00,1.54,0.0,0.6493548387096774,0.0,5.0,21.6,21.5,21.583870967741944,63.0,62.0,62.61290322580645
2022-08-22 22:31:00,1.65,0.99,1.3920689655172414,0.0,6.0,21.8,21.6,21.67586206896552,62.0,62.0,62.0
2022-08-22 22:32:00,1.54,0.99,1.2951612903225809,0.0,5.0,21.9,21.7,21.806451612903217,62.0,61.0,61.83870967741935
2022-08-22 22:33:00,1.76,0.88,1.2972413793103448,0.0,5.0,21.9,21.8,21.893103448275852,62.0,61.0,61.06896551724138
2022-08-22 22:34:00,1.76,0.0,1.2312903225806453,8.55,5.0,22.1,21.9,22.000000000000004,62.0,61.0,61.70967741935484
2022-08-22 22:35:00,1.76,0.44,1.4944827586206895,0.0,5.0,22.2,22.1,22.134482758620695,62.0,61.0,61.58620689655172
2022-08-22 22:36:00,1.65,1.32,1.4666666666666666,0.0,5.0,22.2,22.0,22.093333333333337,62.0,61.0,61.06666666666667
2022-08-22 22:37:00,1.65,1.21,1.4923333333333333,0.0,5.0,22.0,21.7,21.909999999999993,62.0,61.0,61.3
2022-08-22 22:38:00,1.65,1.32,1.511612903225806,0.0,5.0,21.8,21.6,21.70322580645162,62.0,61.0,61.774193548387096
2022-08-22 22:39:00,1.87,1.32,1.6537931034482753,0.0,5.0,21.6,21.6,21.60000000000001,62.0,62.0,62.0
2022-08-22 22:40:00,1.87,1.65,1.7209677419354834,0.0,5.0,21.7,21.6,21.606451612903236,62.0,62.0,62.0
2022-08-22 22:41:00,1.87,1.54,1.736428571428571,0.0,5.0,21.7,21.6,21.678571428571434,62.0,62.0,62.0
2022-08-22 22:42:00,1.87,1.54,1.6946875000000001,0.0,5.0,21.7,21.7,21.7,62.0,62.0,62.0
2022-08-22 22:43:00,1.76,1.32,1.532413793103448,0.0,5.0,21.7,21.6,21.668965517241382,62.0,62.0,62.0
2022-08-22 22:44:00,1.87,1.65,1.7706451612903222,0.0,5.0,21.7,21.6,21.606451612903236,62.0,62.0,62.0
2022-08-22 22:45:00,1.87,1.65,1.722068965517241,0.0,5.0,21.7,21.6,21.62758620689656,62.0,62.0,62.0
2022-08-22 22:46:00,1.87,1.54,1.7670967741935482,0.0,5.0,21.7,21.6,21.64516129032259,62.0,62.0,62.0
2022-08-22 22:47:00,1.87,1.54,1.7410344827586202,0.0,5.0,21.7,21.6,21.672413793103456,62.0,62.0,62.0
2022-08-22 22:48:00,1.87,1.54,1.713870967741935,0.0,5.0,21.8,21.7,21.712903225806453,62.0,62.0,62.0
2022-08-22 22:49:00,1.87,1.54,1.7334482758620686,0.0,5.0,21.8,21.7,21.73448275862069,62.0,61.0,61.724137931034484
2022-08-22 22:50:00,1.87,1.54,1.710322580645161,0.0,5.0,21.8,21.7,21.72580645161291,62.0,61.0,61.225806451612904
2022-08-22 22:51:00,1.87,1.54,1.7031034482758618,0.0,5.0,21.8,21.7,21.720689655172418,62.0,61.0,61.55172413793103
2022-08-22 22:52:00,1.76,1.21,1.6641935483870967,0.0,5.0,21.8,21.7,21.72580645161291,62.0,61.0,61.32258064516129
2022-08-22 22:53:00,1.87,1.54,1.7182758620689653,0.0,5.0,21.8,21.7,21.731034482758623,62.0,61.0,61.55172413793103
2022-08-22 22:54:00,1.87,1.54,1.7174193548387093,0.0,5.0,21.8,21.7,21.712903225806464,62.0,61.0,61.58064516129032
2022-08-22 22:55:00,1.87,1.54,1.6841379310344826,0.0,5.0,21.8,21.7,21.720689655172418,62.0,61.0,61.172413793103445
2022-08-22 22:56:00,1.87,1.43,1.6748387096774189,0.0,5.0,21.8,21.7,21.716129032258074,62.0,61.0,61.03225806451613
2022-08-22 22:57:00,1.87,1.32,1.6082758620689652,0.0,5.0,21.8,21.7,21.706896551724146,62.0,61.0,61.10344827586207
2022-08-22 22:58:00,1.65,1.32,1.5187096774193545,0.0,5.0,21.7,21.6,21.63870967741936,62.0,61.0,61.96774193548387
2022-08-22 22:59:00,1.76,1.1,1.483103448275862,0.0,5.0,21.6,21.4,21.472413793103446,63.0,62.0,62.310344827586206
2022-08-22 23:00:00,1.76,1.32,1.5151612903225806,0.0,5.0,21.5,21.3,21.403225806451605,63.0,63.0,63.0
2022-08-22 23:01:00,1.65,1.21,1.5020689655172412,0.0,5.0,21.4,21.3,21.337931034482754,63.0,63.0,63.0
2022-08-22 23:02:00,2.09,1.1,1.6677419354838705,0.0,5.0,21.4,21.3,21.322580645161285,63.0,63.0,63.0
2022-08-22 23:03:00,1.98,1.1,1.627241379310345,0.0,5.0,21.6,21.3,21.42758620689655,63.0,63.0,63.0
2022-08-22 23:04:00,1.87,1.1,1.4938709677419353,0.0,4.0,21.7,21.6,21.63225806451614,63.0,62.0,62.16129032258065
2022-08-22 23:05:00,1.54,0.66,1.1568965517241379,0.0,4.0,22.0,21.7,21.841379310344827,62.0,61.0,61.55172413793103
2022-08-22 23:06:00,1.43,0.77,1.1733333333333333,0.0,4.0,22.2,22.0,22.093333333333344,62.0,61.0,61.766666666666666
2022-08-22 23:07:00,1.54,1.1,1.3566666666666667,0.0,6.0,22.7,22.3,22.486666666666675,61.0,60.0,60.6
2022-08-22 23:08:00,1.76,1.1,1.4016129032258062,0.0,4.0,23.3,22.7,22.987096774193557,60.0,58.0,58.87096774193548
2022-08-22 23:09:00,1.65,1.1,1.3351724137931036,0.0,3.0,23.6,23.3,23.465517241379313,58.0,57.0,57.3448275862069
2022-08-22 23:10:00,1.65,1.1,1.3945161290322579,0.0,4.0,23.9,23.6,23.741935483870964,57.0,56.0,56.12903225806452
2022-08-22 23:11:00,1.54,1.1,1.3617241379310345,0.0,3.0,24.1,23.9,24.048275862068973,56.0,55.0,55.10344827586207
2022-08-22 23:12:00,1.65,0.88,1.206451612903226,0.0,3.0,24.3,24.1,24.222580645161283,55.0,54.0,54.193548387096776
2022-08-22 23:13:00,1.76,1.1,1.3882758620689655,0.0,3.0,24.3,24.2,24.286206896551725,54.0,54.0,54.0
2022-08-22 23:14:00,1.54,0.99,1.2312903225806455,0.0,3.0,24.2,24.0,24.125806451612906,55.0,54.0,54.38709677419355
2022-08-22 23:15:00,1.76,0.77,1.2934482758620691,0.0,4.0,24.0,23.7,23.87931034482759,56.0,55.0,55.275862068965516
2022-08-22 23:16:00,1.65,1.1,1.3786666666666667,0.0,3.0,23.7,23.4,23.583333333333332,56.0,54.0,55.333333333333336
2022-08-22 23:17:00,1.54,0.99,1.2540000000000002,0.0,4.0,23.4,22.9,23.143333333333327,55.0,54.0,54.166666666666664
2022-08-22 23:18:00,1.65,0.99,1.3270967741935487,0.0,3.0,22.9,22.6,22.70645161290323,58.0,55.0,56.61290322580645
2022-08-22 23:19:00,1.54,0.99,1.2896551724137932,0.0,3.0,22.6,22.5,22.54137931034483,61.0,58.0,59.689655172413794
2022-08-22 23:20:00,1.65,1.1,1.3341935483870966,0.0,3.0,22.6,22.4,22.48064516129032,62.0,61.0,61.29032258064516
2022-08-22 23:21:00,1.54,0.99,1.2650000000000001,0.0,3.0,22.5,22.4,22.467857142857145,62.0,61.0,61.75
2022-08-22 23:22:00,1.43,0.88,1.1780645161290324,0.0,4.0,22.5,22.5,22.5,62.0,61.0,61.774193548387096
2022-08-22 23:23:00,1.65,1.1,1.32,0.0,5.0,22.5,22.4,22.49655172413793,62.0,61.0,61.55172413793103
2022-08-22 23:24:00,1.65,1.1,1.3235483870967744,0.0,2.0,22.6,22.5,22.538709677419355,62.0,61.0,61.25806451612903
2022-08-22 23:25:00,1.54,1.1,1.32,0.0,2.0,22.5,22.5,22.5,62.0,61.0,61.03448275862069
2022-08-22 23:26:00,1.65,1.1,1.3590322580645162,0.0,2.0,22.5,22.5,22.5,62.0,61.0,61.03225806451613
2022-08-22 23:27:00,1.65,1.21,1.4110344827586205,0.0,2.0,22.5,22.4,22.44137931034482,61.0,61.0,61.0
2022-08-22 23:28:00,1.54,0.99,1.3270967741935484,0.0,2.0,22.4,22.4,22.39999999999999,61.0,61.0,61.0
2022-08-22 23:29:00,1.54,0.99,1.323793103448276,0.0,2.0,22.4,22.3,22.324137931034475,61.0,61.0,61.0
2022-08-22 23:30:00,1.65,1.1,1.298709677419355,0.0,2.0,22.3,22.3,22.29999999999999,61.0,61.0,61.0
2022-08-22 23:31:00,1.54,1.1,1.3427586206896551,0.0,4.0,22.3,22.3,22.299999999999994,61.0,61.0,61.0
2022-08-22 23:32:00,1.65,0.99,1.3519354838709678,0.0,2.0,22.4,22.2,22.2741935483871,61.0,61.0,61.0
2022-08-22 23:33:00,1.98,0.77,1.3958620689655172,0.0,2.0,22.3,22.2,22.206896551724146,61.0,61.0,61.0
2022-08-22 23:34:00,1.87,0.99,1.4725806451612902,0.0,2.0,22.6,22.2,22.387096774193548,61.0,60.0,60.61290322580645
2022-08-22 23:35:00,1.65,0.99,1.266896551724138,0.0,2.0,23.1,22.6,22.851724137931036,60.0,58.0,59.03448275862069
2022-08-22 23:36:00,1.76,1.1,1.4229032258064513,0.0,2.0,23.7,23.1,23.42903225806452,58.0,56.0,57.12903225806452
2022-08-22 23:37:00,1.76,1.21,1.4679310344827585,0.0,2.0,24.2,23.7,24.020689655172422,56.0,54.0,54.86206896551724
2022-08-22 23:38:00,1.65,1.32,1.4441935483870967,0.0,2.0,24.7,24.2,24.461290322580652,54.0,52.0,52.903225806451616
2022-08-22 23:39:00,1.76,1.21,1.4186206896551725,0.0,4.0,24.9,24.7,24.799999999999997,52.0,51.0,51.51724137931034
2022-08-22 23:40:00,1.54,1.21,1.4087096774193546,0.0,2.0,25.1,24.9,25.035483870967745,51.0,50.0,50.774193548387096
2022-08-22 23:41:00,1.65,1.32,1.4679310344827585,0.0,2.0,25.3,25.1,25.2103448275862,50.0,50.0,50.0
2022-08-22 23:42:00,1.98,0.88,1.5577419354838706,0.0,2.0,25.3,25.2,25.29354838709677,50.0,50.0,50.0
2022-08-22 23:43:00,1.65,0.99,1.2744827586206897,0.0,4.0,25.2,24.8,25.031034482758617,51.0,50.0,50.241379310344826
2022-08-22 23:44:00,1.65,0.99,1.3022580645161292,0.0,4.0,24.8,24.4,24.580645161290317,53.0,51.0,51.67741935483871
2022-08-22 23:45:00,1.65,0.99,1.32,0.0,2.0,24.4,24.0,24.200000000000003,53.0,53.0,53.0
2022-08-22 23:46:00,1.65,1.1,1.4087096774193546,0.0,2.0,24.0,23.4,23.722580645161287,53.0,52.0,52.096774193548384
2022-08-22 23:47:00,1.54,1.21,1.3907142857142856,0.0,2.0,23.4,22.8,23.057142857142853,56.0,52.0,53.857142857142854
2022-08-22 23:48:00,1.43,0.99,1.2375,0.0,2.0,22.8,22.6,22.678124999999998,59.0,56.0,57.46875
2022-08-22 23:49:00,1.65,0.99,1.3958620689655177,0.0,2.0,22.6,22.6,22.60000000000001,60.0,59.0,59.275862068965516
2022-08-22 23:50:00,1.65,1.21,1.451290322580645,0.0,2.0,22.6,22.5,22.596774193548395,60.0,59.0,59.87096774193548
2022-08-22 23:51:00,1.43,0.88,1.32,0.0,2.0,22.6,22.6,22.60000000000001,60.0,59.0,59.13793103448276
2022-08-22 23:52:00,1.54,1.1,1.3235483870967741,0.0,4.0,22.6,22.6,22.60000000000001,59.0,59.0,59.0
2022-08-22 23:53:00,1.98,0.77,1.285862068965517,0.0,2.0,22.7,22.6,22.60344827586208,59.0,59.0,59.0
2022-08-22 23:54:00,1.87,1.1,1.447741935483871,0.0,4.0,23.0,22.6,22.77096774193548,59.0,58.0,58.58064516129032
2022-08-22 23:55:00,1.76,1.1,1.3617241379310345,0.0,2.0,23.6,23.0,23.313793103448276,58.0,56.0,56.758620689655174
2022-08-22 23:56:00,1.65,0.99,1.3661290322580646,0.0,2.0,24.2,23.6,23.90645161290323,56.0,54.0,54.70967741935484
2022-08-22 23:57:00,1.76,1.21,1.4034482758620688,0.0,2.0,24.7,24.2,24.431034482758626,53.0,52.0,52.48275862068966
2022-08-22 23:58:00,1.54,1.21,1.412258064516129,0.0,4.0,25.0,24.7,24.851612903225806,52.0,50.0,50.58064516129032
2022-08-22 23:59:00,1.65,1.21,1.4148275862068964,0.0,2.0,25.3,25.1,25.220689655172404,50.0,49.0,49.51724137931034
2022-08-23 00:00:00,1.65,0.99,1.334193548387097,0.0,4.0,25.6,25.4,25.48709677419355,49.0,48.0,48.83870967741935
2022-08-23 00:01:00,1.98,0.88,1.4849999999999997,0.0,2.0,25.6,25.4,25.553571428571427,49.0,48.0,48.214285714285715
2022-08-23 00:02:00,1.98,1.32,1.6603125,0.0,4.0,25.4,24.9,25.159375,50.0,49.0,49.5625
2022-08-23 00:03:00,1.98,1.21,1.6765517241379309,0.0,4.0,24.9,24.5,24.66896551724138,52.0,50.0,50.96551724137931
2022-08-23 00:04:00,1.98,0.88,1.6038709677419356,0.0,4.0,24.5,24.2,24.348387096774193,53.0,52.0,52.25806451612903
2022-08-23 00:05:00,1.76,0.99,1.3275862068965518,0.0,0.0,24.5,24.3,24.355172413793102,53.0,52.0,52.62068965517241
2022-08-23 00:06:00,1.87,0.66,1.257666666666667,0.0,2.0,24.8,24.5,24.66333333333332,52.0,51.0,51.6
2022-08-23 00:07:00,1.65,0.77,1.3969999999999998,0.0,2.0,25.1,24.8,24.97333333333334,51.0,50.0,50.43333333333333
2022-08-23 00:08:00,1.65,1.21,1.4370967741935483,0.0,2.0,25.6,25.2,25.387096774193555,50.0,49.0,49.32258064516129
2022-08-23 00:09:00,1.65,1.21,1.4186206896551723,0.0,2.0,25.8,25.6,25.69310344827586,49.0,48.0,48.06896551724138
2022-08-23 00:10:00,1.65,1.1,1.3969999999999998,0.0,2.0,25.9,25.8,25.84666666666666,48.0,48.0,48.0
2022-08-23 00:11:00,1.98,0.99,1.2896551724137928,0.0,5.0,26.0,25.8,25.98620689655172,50.0,48.0,49.41379310344828
2022-08-23 00:12:00,1.98,1.21,1.6878125,0.0,5.0,26.0,25.7,25.809375,51.0,49.0,49.71875
2022-08-23 00:13:00,1.54,0.99,1.27448275862069,0.0,4.0,25.6,25.3,25.479310344827578,52.0,51.0,51.172413793103445
2022-08-23 00:14:00,1.54,1.1,1.3306451612903225,0.0,4.0,25.3,25.1,25.19354838709678,52.0,52.0,52.0
2022-08-23 00:15:00,1.54,0.99,1.3048275862068968,0.0,4.0,25.1,24.6,24.86206896551725,52.0,51.0,51.37931034482759
2022-08-23 00:16:00,1.43,1.1,1.2686666666666668,0.0,4.0,24.6,24.1,24.360000000000007,51.0,51.0,51.0
2022-08-23 00:17:00,1.54,0.99,1.276,0.0,4.0,24.1,23.6,23.85333333333334,52.0,51.0,51.4
2022-08-23 00:18:00,1.43,0.88,1.2206451612903226,0.0,4.0,23.6,23.2,23.40645161290323,53.0,51.0,52.064516129032256
2022-08-23 00:19:00,1.54,0.99,1.2650000000000001,0.0,5.0,23.2,22.9,23.060714285714287,56.0,53.0,54.32142857142857
2022-08-23 00:20:00,1.54,1.1,1.3234375,0.0,4.0,23.0,22.8,22.893749999999997,59.0,56.0,57.3125
2022-08-23 00:21:00,1.54,0.99,1.2257142857142858,0.0,4.0,22.9,22.8,22.846428571428564,61.0,59.0,59.92857142857143
2022-08-23 00:22:00,1.43,0.88,1.203125,0.0,4.0,22.9,22.8,22.803125,62.0,61.0,61.65625
2022-08-23 00:23:00,1.43,0.99,1.2062068965517243,0.0,4.0,22.8,22.8,22.799999999999994,63.0,62.0,62.93103448275862
2022-08-23 00:24:00,1.54,0.99,1.2703225806451615,0.0,4.0,22.9,22.8,22.819354838709664,63.0,63.0,63.0
2022-08-23 00:25:00,1.43,0.99,1.183448275862069,0.0,4.0,22.9,22.8,22.84827586206896,63.0,62.0,62.96551724137931
2022-08-23 00:26:00,1.54,0.88,1.2503333333333337,0.0,4.0,22.9,22.9,22.89999999999999,63.0,62.0,62.36666666666667
2022-08-23 00:27:00,1.43,0.88,1.2213793103448276,0.0,4.0,23.0,22.9,22.90344827586206,63.0,62.0,62.13793103448276
2022-08-23 00:28:00,1.43,0.77,1.1567741935483873,0.0,4.0,23.0,22.9,22.941935483870967,62.0,62.0,62.0
2022-08-23 00:29:00,1.43,0.88,1.2744827586206897,0.0,4.0,23.0,22.9,22.96206896551724,62.0,62.0,62.0
2022-08-23 00:30:00,1.54,1.1,1.3306451612903227,0.0,5.0,23.0,22.9,22.983870967741936,62.0,62.0,62.0
2022-08-23 00:31:00,1.54,0.88,1.2517241379310344,0.0,4.0,23.0,22.9,22.982758620689655,62.0,62.0,62.0
2022-08-23 00:32:00,1.54,0.88,1.2135483870967743,0.0,5.0,23.0,22.9,22.99032258064516,62.0,62.0,62.0
2022-08-23 00:33:00,1.54,1.1,1.3124137931034483,0.0,4.0,23.0,22.9,22.94137931034482,62.0,62.0,62.0
2022-08-23 00:34:00,1.54,0.88,1.2100000000000002,0.0,5.0,23.0,22.9,22.909677419354832,62.0,62.0,62.0
2022-08-23 00:35:00,1.54,0.99,1.2175862068965515,0.0,4.0,23.0,22.9,22.94482758620689,63.0,62.0,62.06896551724138
2022-08-23 00:36:00,1.54,0.99,1.2906666666666669,0.0,4.0,23.0,22.9,22.970000000000002,63.0,62.0,62.06666666666667
2022-08-23 00:37:00,1.43,1.1,1.2576666666666667,0.0,4.0,23.0,22.9,22.90666666666666,63.0,62.0,62.13333333333333
2022-08-23 00:38:00,1.43,0.99,1.2596774193548388,0.0,5.0,22.9,22.9,22.89999999999999,63.0,62.0,62.38709677419355
2022-08-23 00:39:00,1.54,0.99,1.2327586206896555,0.0,3.0,23.0,22.9,22.90344827586206,63.0,62.0,62.41379310344828
2022-08-23 00:40:00,1.65,1.1,1.3270967741935487,0.0,3.0,22.9,22.8,22.896774193548378,63.0,62.0,62.806451612903224
2022-08-23 00:41:00,1.54,0.99,1.1982142857142857,0.0,5.0,22.9,22.9,22.899999999999995,63.0,62.0,62.714285714285715
2022-08-23 00:42:00,1.54,0.99,1.285625,0.0,3.0,22.9,22.8,22.871875000000003,63.0,62.0,62.875
2022-08-23 00:43:00,1.54,1.1,1.3086206896551724,0.0,3.0,22.9,22.8,22.824137931034475,63.0,62.0,62.96551724137931
2022-08-23 00:44:00,1.76,0.77,1.2738709677419355,0.0,5.0,22.9,22.8,22.803225806451604,63.0,63.0,63.0
2022-08-23 00:45:00,1.54,0.88,1.2251724137931037,0.0,5.0,22.8,22.8,22.799999999999994,63.0,63.0,63.0
2022-08-23 00:46:00,1.65,0.99,1.2100000000000002,0.0,3.0,22.8,22.7,22.796774193548377,63.0,63.0,63.0
2022-08-23 00:47:00,1.54,1.1,1.323793103448276,0.0,4.0,22.8,22.8,22.799999999999994,63.0,63.0,63.0
2022-08-23 00:48:00,1.43,0.99,1.224193548387097,0.0,4.0,22.8,22.7,22.796774193548377,63.0,63.0,63.0
2022-08-23 00:49:00,1.65,0.88,1.3200000000000003,0.0,5.0,22.8,22.8,22.799999999999994,63.0,63.0,63.0
2022-08-23 00:50:00,1.43,0.88,1.1816129032258067,0.0,3.0,22.8,22.7,22.796774193548377,63.0,63.0,63.0
2022-08-23 00:51:00,1.43,0.88,1.187241379310345,0.0,5.0,22.8,22.7,22.78620689655172,63.0,63.0,63.0
2022-08-23 00:52:00,1.43,0.99,1.2029032258064518,0.0,5.0,22.8,22.7,22.712903225806464,63.0,63.0,63.0
2022-08-23 00:53:00,1.65,0.99,1.2517241379310347,0.0,3.0,22.7,22.7,22.700000000000006,63.0,63.0,63.0
2022-08-23 00:54:00,1.54,0.88,1.266774193548387,0.0,4.0,22.7,22.6,22.693548387096783,63.0,63.0,63.0
2022-08-23 00:55:00,1.54,1.1,1.32,0.0,4.0,22.7,22.6,22.696551724137937,63.0,63.0,63.0
2022-08-23 00:56:00,1.54,0.77,1.1922580645161294,0.0,5.0,22.7,22.6,22.690322580645173,63.0,63.0,63.0
2022-08-23 00:57:00,1.54,0.77,1.1189655172413793,0.0,4.0,22.7,22.6,22.68620689655173,63.0,63.0,63.0
2022-08-23 00:58:00,1.54,0.77,1.2490322580645163,0.0,4.0,22.7,22.6,22.645161290322584,63.0,63.0,63.0
2022-08-23 00:59:00,1.43,0.99,1.21,0.0,4.0,22.6,22.6,22.60000000000001,63.0,63.0,63.0
2022-08-23 01:00:00,1.65,0.99,1.3519354838709678,0.0,3.0,22.6,22.6,22.60000000000001,63.0,63.0,63.0
2022-08-23 01:01:00,1.54,0.99,1.304285714285714,0.0,4.0,22.6,22.6,22.600000000000005,64.0,63.0,63.07142857142857
2022-08-23 01:02:00,1.54,1.1,1.2925,0.0,4.0,22.6,22.6,22.6,64.0,63.0,63.125
2022-08-23 01:03:00,1.54,0.99,1.2024137931034484,0.0,4.0,22.6,22.6,22.60000000000001,64.0,63.0,63.13793103448276
2022-08-23 01:04:00,1.54,0.88,1.2100000000000002,0.0,4.0,22.6,22.6,22.60000000000001,64.0,63.0,63.38709677419355
2022-08-23 01:05:00,1.65,0.99,1.244137931034483,0.0,3.0,22.6,22.5,22.59310344827587,64.0,63.0,63.6551724137931
2022-08-23 01:06:00,1.54,0.99,1.3053333333333335,0.0,4.0,22.6,22.5,22.580000000000002,64.0,63.0,63.93333333333333
2022-08-23 01:07:00,1.65,0.99,1.2980000000000003,0.0,3.0,22.6,22.5,22.580000000000002,64.0,64.0,64.0
2022-08-23 01:08:00,1.43,0.88,1.2525806451612904,0.0,3.0,22.6,22.5,22.577419354838714,64.0,63.0,63.96774193548387
2022-08-23 01:09:00,1.54,0.88,1.2403448275862068,0.0,5.0,22.6,22.5,22.53103448275862,64.0,64.0,64.0
2022-08-23 01:10:00,1.54,0.88,1.2667741935483872,0.0,3.0,22.6,22.5,22.51290322580645,64.0,64.0,64.0
2022-08-23 01:11:00,1.54,1.21,1.3514285714285716,0.0,4.0,22.5,22.5,22.5,64.0,64.0,64.0
2022-08-23 01:12:00,1.54,0.88,1.2546875,0.0,5.0,22.6,22.5,22.503125,64.0,64.0,64.0
2022-08-23 01:13:00,1.43,0.88,1.183448275862069,0.0,4.0,22.5,22.4,22.49655172413793,64.0,64.0,64.0
2022-08-23 01:14:00,1.43,0.88,1.1461290322580648,0.0,5.0,22.5,22.4,22.47741935483871,64.0,64.0,64.0
2022-08-23 01:15:00,1.54,0.99,1.2631034482758619,0.0,3.0,22.5,22.4,22.45862068965517,64.0,64.0,64.0
