datetime,wind_speed,rain,wind_direction,temperature,humidity
2022-02-26 13:24:55.443285,0.00,0.00,0,-1.00,-1.00
2022-02-26 13:24:57.443285,0.00,0.00,0,-1.00,-1.00
2022-02-26 13:24:59.443285,0.00,0.00,0,-1.00,-1.00
2022-02-26 13:25:01.443285,0.00,0.00,0,-1.00,-1.00
2022-02-26 13:25:03.443285,0.00,0.00,0,-1.00,-1.00
2022-02-26 13:25:05.443285,0.00,0.00,0,-1.00,-1.00
2022-02-26 13:25:07.443285,0.00,0.00,0,-1.00,-1.00
2022-02-26 13:25:09.443285,0.00,0.00,0,-1.00,-1.00
2022-02-26 13:25:11.443285,0.00,0.00,0,-1.00,-1.00
2022-02-26 13:25:13.443285,0.00,0.00,0,-1.00,-1.00
2022-02-26 13:25:15.443285,0.00,0.00,0,-1.00,-1.00
2022-02-26 13:25:17.443285,0.00,0.00,0,-1.00,-1.00
2022-02-26 13:25:19.443285,0.00,0.00,0,-1.00,-1.00
2022-02-26 13:25:21.443285,0.00,0.00,0,-1.00,-1.00
2022-02-26 13:25:23.443285,0.00,0.00,0,-1.00,-1.00
2022-02-26 13:25:25.443285,0.00,0.00,0,-1.00,-1.00
2022-02-26 13:25:27.443285,0.00,0.00,0,-1.00,-1.00
2022-02-26 13:25:29.443285,0.00,0.00,0,-1.00,-1.00
2022-02-26 13:25:31.443285,0.00,0.00,0,-1.00,-1.00
2022-02-26 13:25:33.443285,0.00,0.00,0,-1.00,-1.00
2022-02-26 13:25:35.443285,0.00,0.00,0,-1.00,-1.00
2022-02-26 13:25:37.443285,0.00,0.00,0,-1.00,-1.00
2022-02-26 13:25:39.443285,0.00,0.00,0,-1.00,-1.00
2022-02-26 13:25:41.443285,0.00,0.00,0,-1.00,-1.00
2022-02-26 13:25:43.443285,0.00,0.00,0,-1.00,-1.00
2022-02-26 13:25:45.443285,0.00,0.00,0,-1.00,-1.00
2022-02-26 13:25:47.443285,0.00,0.00,0,-1.00,-1.00
2022-02-26 13:25:49.443285,0.00,0.00,0,-1.00,-1.00
2022-02-26 13:25:51.443285,0.00,0.00,0,-1.00,-1.00
2022-02-26 13:25:53.443285,0.00,0.00,0,-1.00,-1.00
2022-02-26 13:25:55.443285,0.00,0.00,0,-1.00,-1.00
2022-02-26 13:25:57.443285,0.00,0.00,0,-1.00,-1.00
2022-02-26 13:25:59.443285,0.00,0.00,0,-1.00,-1.00
2022-02-26 13:26:01.443285,0.00,0.00,0,-1.00,-1.00
2022-02-26 13:26:03.443285,0.00,0.00,0,-1.00,-1.00
2022-02-26 13:26:05.443285,0.00,0.00,0,-1.00,-1.00
2022-02-26 13:26:07.443285,0.00,0.00,0,-1.00,-1.00
2022-02-26 13:26:09.443285,0.00,0.00,0,-1.00,-1.00
2022-02-26 13:26:11.443285,0.00,0.00,0,-1.00,-1.00
2022-02-26 13:26:13.443285,0.00,0.00,0,-1.00,-1.00
2022-02-26 13:26:15.443285,0.00,0.00,0,-1.00,-1.00
2022-02-26 13:26:17.443285,0.00,0.00,0,-1.00,-1.00
2022-02-26 13:26:19.443285,0.00,0.00,0,-1.00,-1.00
2022-02-26 13:26:21.443285,0.00,0.00,0,-1.00,-1.00
2022-02-26 13:26:23.443285,0.00,0.00,0,-1.00,-1.00
2022-02-26 13:26:25.443285,0.00,0.00,0,-1.00,-1.00
2022-02-26 13:26:27.443285,0.00,0.00,0,-1.00,-1.00
2022-02-26 13:26:29.443285,0.00,0.00,0,-1.00,-1.00
2022-02-26 13:26:31.443285,0.00,0.00,0,-1.00,-1.00
2022-02-26 13:26:33.443285,0.00,0.00,0,-1.00,-1.00
2022-02-26 13:26:35.443285,0.00,0.00,0,-1.00,-1.00
2022-02-26 13:26:37.443285,0.00,0.00,0,-1.00,-1.00
2022-02-26 13:26:39.443285,0.00,0.00,0,-1.00,-1.00
2022-02-26 13:26:41.443285,0.00,0.00,0,-1.00,-1.00
2022-02-26 13:26:42.444479,0.00,0.00,0,-1.00,-1.00
2022-02-26 13:26:44.444479,0.00,0.00,0,-1.00,-1.00
2022-02-26 13:26:46.444479,0.00,0.00,0,-1.00,-1.00
2022-02-26 13:26:49.262017,0.00,0.00,0,-1.00,-1.00
2022-02-26 13:26:51.262017,0.00,0.00,0,-1.00,-1.00
2022-02-26 13:26:54.276300,0.00,0.00,0,-1.00,-1.00
2022-02-26 13:26:56.276300,0.00,0.00,0,-1.00,-1.00
2022-02-26 13:26:57.260057,0.00,0.00,0,-1.00,-1.00
2022-02-26 13:26:59.260057,0.00,0.00,0,-1.00,-1.00
2022-02-26 13:27:01.260057,0.00,0.00,0,-1.00,-1.00
2022-02-26 13:27:04.276284,0.00,0.00,0,-1.00,-1.00
2022-02-26 13:27:06.276284,0.00,0.00,0,-1.00,-1.00
2022-02-26 13:27:07.272178,0.00,0.00,0,-1.00,-1.00
2022-02-26 13:27:09.272178,0.00,0.00,0,-1.00,-1.00
2022-02-26 13:27:11.272178,0.00,0.00,0,-1.00,-1.00
2022-02-26 13:27:14.263150,0.00,0.00,0,-1.00,-1.00
2022-02-26 13:27:16.263150,0.00,0.00,0,-1.00,-1.00
2022-02-26 13:27:17.263153,0.00,0.00,0,-1.00,-1.00
2022-02-26 13:27:19.263153,0.00,0.00,0,-1.00,-1.00
2022-02-26 13:27:21.263153,0.00,0.00,0,-1.00,-1.00
2022-02-26 13:27:24.276141,0.00,0.00,0,-1.00,-1.00
2022-02-26 13:27:26.276141,0.00,0.00,0,-1.00,-1.00
2022-02-26 13:27:27.263066,0.00,0.00,0,-1.00,-1.00
2022-02-26 13:27:29.263066,0.00,0.00,0,-1.00,-1.00
2022-02-26 13:27:31.263066,0.00,0.00,0,-1.00,-1.00
2022-02-26 13:27:34.277072,0.00,0.00,0,-1.00,-1.00
2022-02-26 13:27:36.277072,0.00,0.00,0,-1.00,-1.00
